function [rho,cv,cp]=PropN2(p,T)
    R=8.3145/0.028;
    rho=p/(R*T);
    cp=(6.7619+0.000871*T-1.643*10^-7*T^2)/28*4.1868*1000;
    %cp=(6.3+0.001819*T-0.345*10^-6*T^2)/28*4.1868*1000;
    cv=cp-R;
    
end