function [rho,cv,cp]=PropO2(p,T)
    R=8.3145/0.032;
    rho=p/(R*T);
    cp=(6.9647+1.0971*10^-3*T-2.03*10^-7*T^2)/32*4.1868*1000;
    %cp=(7.025+0.00185*T-abs((T-300)*0.075/300))/32*4.1868*1000;
    cv=cp-R;
    mu=(203+0.44*T-abs((T-200)*11/200))/10^7;
   
end