function [ rho,cv,k,mu ] = PropWL( T )
%PROPWL 此处显示有关此函数的摘要
%   此处显示详细说明
rho=-3.9837*10^-3*T^2+2.1274*T+7.1666*10^2;
cv=-3.0788*10^-4*T^3+0.30602*T^2-1.0086*10^2*T+1.5207*10^4;
k=-7.0674*10^-6*T^2+5.6853*10^-3*T-0.45602;
mu=-3.7024*10^-9*T^3+3.7182*10^-6*T^2-1.2513*10^-3*T+0.14156;

end

