function [p]=psat(T) 
    T=T-273.15;
    %a=-2.1794+0.02953*T-9.1837*10^-5*T^2+1.4454*10^-7*T^3;
    a=-2.18+0.0295*T-9.18*10^-5*T^2+1.44*10^-7*T^3;
    p=10^(a+5);
end